e 0.0 0.0 4.0 0.0
a 0.1 0.2 0.3 1.0
o 0.0 0.0 -1.0 -4.0
o 1.3 1.7 -4.0 0.1
o 0.2 1.7 -4.0 0.1
o -0.8 1.7 -4.0 0.1
o -1.8 1.7 -4.0 0.1
o 1.3 0.8 -4.0 0.1
o 0.2 0.8 -4.0 0.1
o -0.8 0.8 -4.0 0.1
o -1.8 0.8 -4.0 0.1
o 1.7 1.2 -4.0 0.1
o 0.7 1.2 -4.0 0.1
o -0.3 1.2 -4.0 0.1
o -1.3 1.2 -4.0 0.1
o 1.7 -0.8 -4.0 0.1
o 0.7 -0.8 -4.0 0.1
o -0.3 -0.8 -4.0 0.1
o -1.3 -0.8 -4.0 0.1
o 1.3 -1.3 -4.0 0.1
o 0.2 -1.3 -4.0 0.1
o -0.8 -1.3 -4.0 0.1
o -1.8 -1.3 -4.0 0.1
o 1.7 -1.8 -4.0 0.1
o 0.7 -1.8 -4.0 0.1
o -0.3 -1.8 -4.0 0.1
o -1.3 -1.8 -4.0 0.1
c 0.8 0.6 0.6 10.0
c 1.0 1.0 1.0 10.0
c 1.0 1.0 1.0 10.0
c 1.0 1.0 1.0 10.0
c 1.0 1.0 1.0 10.0
c 1.0 1.0 1.0 10.0
c 1.0 1.0 1.0 10.0
c 1.0 1.0 1.0 10.0
c 1.0 1.0 1.0 10.0
c 1.0 1.0 1.0 10.0
c 1.0 1.0 1.0 10.0
c 1.0 1.0 1.0 10.0
c 1.0 1.0 1.0 10.0
c 0.0 0.0 0.0 10.0
c 0.0 0.0 0.0 10.0
c 0.0 0.0 0.0 10.0
c 0.0 0.0 0.0 10.0
c 0.0 0.0 0.0 10.0
c 0.0 0.0 0.0 10.0
c 0.0 0.0 0.0 10.0
c 0.0 0.0 0.0 10.0
c 0.0 0.0 0.0 10.0
c 0.0 0.0 0.0 10.0
c 0.0 0.0 0.0 10.0
c 0.0 0.0 0.0 10.0
d 0.5 0.0 -1.0 0.0
d 0.0 0.5 -1.0 0.0
i 0.2 0.5 0.7 1.0
i 0.7 0.5 0.0 1.0